seqraOrg=seqrateam

seqraBuildVersion=2025.08.27.74829e4

seqraIrVersion=2025.08.27.4779942
seqraProjectVersion=2025.08.27.e913500
