seqraOrg=seqrateam

seqraBuildVersion=2025.08.27.74829e4

seqraIrVersion=2025.08.27.4779942
